tudo
318 743 20 158
88 275
0 80
0 282
0 277
0 223
1 171
1 180
1 30
1 263
2 33
2 291
2 293
2 252
2 313
2 92
3 132
3 81
3 9
3 141
3 273
3 85
4 128
4 299
4 103
4 202
4 11
4 272
4 27
5 50
5 210
5 110
6 197
6 295
6 23
6 25
6 91
6 95
7 289
7 194
7 297
7 43
7 47
7 156
8 136
8 121
8 42
8 146
8 54
9 64
9 166
9 73
9 106
9 310
9 157
10 257
10 265
10 170
10 44
10 206
10 311
10 94
11 60
11 78
12 34
12 36
12 268
12 14
12 242
12 314
12 316
12 285
12 286
13 235
14 266
14 187
14 243
15 196
15 200
15 201
15 274
15 16
15 242
15 247
15 91
15 92
15 222
15 287
16 137
16 271
16 247
16 152
16 186
17 254
17 181
17 158
17 205
18 70
18 230
18 295
18 81
18 309
18 220
19 66
19 270
20 100
20 37
20 172
20 238
20 83
20 53
20 184
20 25
20 188
20 286
21 68
21 298
21 119
21 313
21 155
21 156
22 291
22 187
23 290
23 135
23 196
23 95
24 226
24 83
24 251
24 317
24 223
25 192
25 259
26 249
26 138
26 199
26 157
26 167
27 128
27 149
28 97
28 51
28 158
28 289
29 168
29 316
29 269
29 133
29 173
30 60
30 285
30 126
31 34
31 231
31 41
31 269
31 48
31 145
31 179
32 97
32 185
33 188
33 159
34 180
34 300
34 265
35 131
35 91
35 124
35 109
35 186
36 171
36 243
37 226
37 283
37 306
38 97
38 147
38 137
39 289
39 141
40 140
40 45
40 116
40 119
40 276
40 287
41 274
41 117
42 124
42 237
43 152
43 162
43 127
43 155
44 153
44 154
45 76
45 165
46 296
46 234
46 238
46 62
47 248
48 294
48 75
48 114
48 307
48 116
48 150
48 56
49 128
49 161
49 235
50 209
50 292
50 316
51 80
51 284
51 83
51 214
52 288
52 233
52 268
52 241
52 277
52 281
52 255
53 291
53 310
54 163
54 302
54 83
54 214
54 216
54 188
55 234
55 221
56 144
56 171
56 75
56 108
56 78
56 82
56 307
56 174
56 156
57 301
57 167
58 203
58 70
59 104
59 132
59 205
59 261
60 310
60 74
60 303
60 209
60 244
60 150
61 265
61 286
61 262
61 223
62 165
62 142
62 243
62 276
62 90
63 78
63 311
64 154
64 291
64 206
65 136
65 303
65 213
65 150
65 152
65 186
66 208
66 315
66 147
66 197
67 125
67 302
68 257
68 265
68 236
68 211
68 188
68 221
69 129
69 266
69 231
69 236
69 209
70 133
70 233
70 243
70 180
70 213
71 120
72 161
72 182
73 184
73 208
73 293
74 281
74 205
75 96
75 86
75 214
75 217
76 95
77 180
78 290
78 107
78 285
78 191
79 288
79 130
79 139
79 300
80 280
80 202
80 219
81 283
81 131
81 227
82 160
82 101
82 105
82 108
82 83
82 117
82 121
82 154
83 103
83 139
83 178
83 145
83 309
83 119
83 185
84 210
84 111
85 133
85 195
85 240
85 179
85 247
86 186
87 208
87 106
87 212
88 151
89 264
89 260
89 149
89 199
90 138
90 258
90 202
90 237
91 128
91 165
91 267
91 301
92 136
92 250
93 236
93 261
93 95
94 172
94 133
95 194
95 294
95 165
95 273
95 252
96 97
96 214
97 240
97 109
97 112
97 122
98 291
98 234
98 203
98 213
99 272
99 196
99 119
100 104
100 305
101 287
101 154
101 127
102 137
102 297
102 173
102 206
102 277
103 285
103 198
103 207
104 188
104 118
105 248
105 109
106 176
107 251
108 121
109 154
109 273
110 293
110 111
110 304
110 273
110 159
111 160
111 203
111 208
111 125
112 292
113 120
113 314
113 253
113 214
114 130
114 245
114 313
114 282
114 219
115 152
115 289
115 196
115 292
116 294
116 185
116 145
117 258
117 260
117 130
117 155
118 252
118 213
119 194
119 290
120 240
120 140
121 188
123 230
123 263
123 143
123 209
123 306
123 148
124 216
124 313
124 235
125 241
125 209
125 279
126 197
127 290
128 290
128 201
128 245
128 310
129 238
129 226
129 222
129 175
130 132
130 235
130 240
130 190
131 258
131 293
131 142
131 148
132 160
132 204
132 178
132 215
132 222
132 223
133 180
133 279
133 254
134 184
134 247
135 160
135 208
135 284
135 158
136 226
136 312
137 229
138 258
138 180
138 149
138 278
138 183
138 184
139 237
139 178
139 186
139 156
139 223
140 259
141 146
141 276
141 270
142 316
143 256
143 218
144 288
144 188
144 189
145 292
145 243
145 200
145 306
145 274
145 154
145 253
146 240
146 305
146 213
146 252
147 277
148 248
148 204
148 165
149 270
150 202
150 210
150 153
150 154
151 176
151 250
151 293
151 309
153 256
153 289
153 310
153 294
153 203
153 207
154 251
155 224
156 240
156 187
157 211
157 303
157 240
157 179
157 216
157 219
157 189
158 197
158 201
158 313
159 300
159 202
159 204
159 201
160 194
161 192
161 181
162 286
163 184
163 200
163 253
164 264
164 221
164 255
166 261
166 295
167 189
168 242
168 286
169 227
170 203
170 191
171 277
172 283
173 265
173 306
173 309
173 245
174 248
174 194
174 269
174 263
176 304
176 295
176 223
177 281
177 203
177 251
178 201
178 274
178 246
179 180
179 308
179 284
179 255
180 271
181 241
181 238
182 305
182 218
182 291
183 203
187 240
187 247
187 220
187 317
188 271
188 213
188 316
189 217
189 253
190 225
190 290
190 276
190 205
191 275
192 227
192 235
192 236
192 242
192 276
193 233
194 195
194 207
194 259
196 246
196 287
198 291
198 236
198 268
198 307
198 219
199 240
199 255
199 209
200 296
202 289
202 295
203 208
204 232
204 220
205 302
206 224
208 294
210 304
210 227
212 316
212 294
213 274
215 236
220 257
220 309
220 249
220 287
223 304
223 295
223 255
224 241
226 298
226 301
227 258
227 285
228 231
229 267
229 276
229 261
229 291
231 270
232 308
232 295
232 239
233 270
233 313
234 243
235 266
235 253
236 264
237 297
237 249
237 282
238 316
241 273
241 316
242 292
242 278
243 299
243 253
244 285
244 279
247 288
247 304
247 305
248 256
248 315
250 304
252 282
252 253
253 297
255 267
258 274
259 313
263 301
264 294
265 280
266 293
268 297
269 290
270 274
270 279
271 278
271 288
272 280
272 293
273 291
273 278
273 316
274 288
274 313
278 307
278 310
285 301
287 308
289 301
289 314
295 300
296 311
303 309
258 r
259 e
36 h
37 k
167 l
298 b
203 d
77 m
189 n
141 q
50 j
178 o
51 s
277 f
54 p
312 c
251 t
284 a
125 g
158 i
1 P
2 I
4 J
5 R
6 O
7 R
9 Q
10 S
12 R
15 F
17 N
18 P
21 P
22 O
23 F
24 H
25 Q
27 M
35 L
38 M
40 M
47 M
53 Q
55 Q
57 E
58 T
63 S
64 Q
65 O
67 L
70 N
71 I
72 J
73 A
74 R
79 K
81 P
82 M
83 D
84 P
85 A
86 R
87 J
89 E
90 P
91 R
92 R
93 E
94 P
95 R
96 Q
101 O
102 A
110 R
112 P
113 C
115 R
117 R
118 R
120 P
121 Q
122 F
124 H
129 T
130 C
132 G
133 K
135 G
136 T
138 R
142 R
143 J
144 H
146 J
147 R
149 R
150 N
152 R
153 R
154 B
155 R
156 N
159 A
164 F
165 R
166 L
172 R
176 J
177 R
179 C
181 M
184 O
185 R
186 C
188 A
191 E
192 R
193 K
194 I
195 R
198 M
200 Q
201 R
205 R
206 K
207 E
208 M
210 L
213 O
214 O
217 L
219 M
220 N
221 P
223 R
224 L
225 P
226 R
227 R
233 Q
234 F
239 R
240 P
242 K
243 R
244 R
245 I
246 R
253 G
255 I
256 C
257 R
260 E
261 F
262 R
263 O
264 N
268 F
272 N
276 Q
278 O
279 G
285 J
288 J
289 G
291 E
292 J
293 O
294 R
296 O
300 A
301 I
307 Q
308 C
309 L
310 R
315 R
316 N
